   3.3448230e+02   5.1819912e+02
   2.7076549e+02   4.9589823e+02
   2.0492478e+02   4.3961504e+02
   1.8262389e+02   3.8545575e+02
   1.7625221e+02   2.7182743e+02
   1.9536726e+02   1.9218142e+02
   2.2722566e+02   1.1253540e+02
   4.1200442e+02   1.1996903e+02
   4.5766814e+02   1.6881858e+02
   4.7890708e+02   2.6864159e+02
   4.7784513e+02   3.8651770e+02
   4.5023451e+02   4.4917257e+02
   4.0988053e+02   4.9165044e+02
   1.6032301e+02   3.8439381e+02
   1.3908407e+02   3.3448230e+02
   1.4226991e+02   2.7819912e+02
   1.3589823e+02   1.6881858e+02
   1.8474779e+02   7.4305310e+01
   2.4209292e+02   2.9703540e+01
   4.1519027e+02   4.0323009e+01
   4.9696018e+02   1.6881858e+02
   5.0545575e+02   2.4103097e+02
   5.0970354e+02   2.7819912e+02
   5.0651770e+02   3.5041150e+02
   4.8209292e+02   3.8970354e+02
   3.3342035e+02   2.5802212e+02
   3.3554425e+02   3.5465929e+02
   2.9200442e+02   3.4403982e+02
   3.7696018e+02   3.4085398e+02
   3.3554425e+02   3.8864159e+02
   2.6864159e+02   4.0032301e+02
   3.1218142e+02   4.1731416e+02
   3.5572124e+02   4.1731416e+02
   3.9926106e+02   4.0457080e+02
   3.3448230e+02   4.2050000e+02
   2.6014602e+02   2.6014602e+02
   3.9926106e+02   2.6226991e+02
   2.1023451e+02   2.5058850e+02
   2.5589823e+02   2.1660619e+02
   3.0687168e+02   2.3253540e+02
   3.5678319e+02   2.3890708e+02
   4.1412832e+02   2.1979204e+02
   4.5129646e+02   2.6226991e+02
