   3.5200000e+02   5.5100000e+02
   2.6900000e+02   5.2400000e+02
   2.4300000e+02   4.8500000e+02
   2.2800000e+02   4.3400000e+02
   2.2700000e+02   3.3500000e+02
   2.4400000e+02   2.7600000e+02
   2.9200000e+02   2.0500000e+02
   4.2000000e+02   2.0700000e+02
   4.6100000e+02   2.7600000e+02
   4.7500000e+02   3.3400000e+02
   4.7400000e+02   4.2900000e+02
   4.5400000e+02   4.8100000e+02
   4.3000000e+02   5.1600000e+02
   2.0900000e+02   4.3000000e+02
   1.9500000e+02   3.8200000e+02
   2.0100000e+02   3.3400000e+02
   1.8800000e+02   2.7200000e+02
   2.2300000e+02   2.0000000e+02
   2.8800000e+02   1.5100000e+02
   4.2100000e+02   1.6300000e+02
   4.8000000e+02   2.3900000e+02
   4.9700000e+02   2.9200000e+02
   4.9900000e+02   3.4200000e+02
   5.0200000e+02   3.9200000e+02
   4.8800000e+02   4.3500000e+02
   3.5500000e+02   3.3000000e+02
   3.5100000e+02   3.7800000e+02
   3.1800000e+02   3.9000000e+02
   3.8900000e+02   3.9200000e+02
   3.5000000e+02   4.2900000e+02
   2.9600000e+02   4.3500000e+02
   3.3400000e+02   4.5000000e+02
   3.7300000e+02   4.5400000e+02
   4.0900000e+02   4.4100000e+02
   3.5500000e+02   4.5200000e+02
   2.9900000e+02   3.2700000e+02
   4.1100000e+02   3.2600000e+02
   2.5200000e+02   3.3000000e+02
   2.8800000e+02   2.9800000e+02
   3.3300000e+02   3.0500000e+02
   3.8000000e+02   3.0000000e+02
   4.2200000e+02   2.9100000e+02
   4.5600000e+02   3.1100000e+02
