   3.5800000e+02   6.1900000e+02
   2.9000000e+02   5.9200000e+02
   2.3700000e+02   5.2900000e+02
   2.1200000e+02   4.5500000e+02
   2.0400000e+02   3.5400000e+02
   2.2700000e+02   2.8000000e+02
   2.7300000e+02   2.1100000e+02
   4.3900000e+02   2.1100000e+02
   4.7300000e+02   2.7800000e+02
   4.9700000e+02   3.4500000e+02
   5.0000000e+02   4.4200000e+02
   4.8000000e+02   5.2600000e+02
   4.3000000e+02   5.9500000e+02
   1.8700000e+02   4.4500000e+02
   1.7700000e+02   3.9500000e+02
   1.7800000e+02   3.6100000e+02
   1.6100000e+02   2.6400000e+02
   2.1500000e+02   1.3500000e+02
   2.8900000e+02   9.6000000e+01
   4.1900000e+02   1.1000000e+02
   5.2600000e+02   2.2800000e+02
   5.3100000e+02   2.9800000e+02
   5.2200000e+02   3.5700000e+02
   5.2500000e+02   3.8700000e+02
   5.1900000e+02   4.3600000e+02
   3.5600000e+02   3.3900000e+02
   3.6000000e+02   4.2400000e+02
   3.2000000e+02   4.2300000e+02
   3.9800000e+02   4.2000000e+02
   3.5900000e+02   4.7700000e+02
   2.9300000e+02   4.7600000e+02
   3.3600000e+02   5.0500000e+02
   3.8700000e+02   5.0400000e+02
   4.2400000e+02   4.7800000e+02
   3.6000000e+02   5.0800000e+02
   2.8900000e+02   3.3700000e+02
   4.1800000e+02   3.3300000e+02
   2.3400000e+02   3.1900000e+02
   2.7700000e+02   3.0000000e+02
   3.1800000e+02   3.0400000e+02
   3.9200000e+02   2.9800000e+02
   4.2600000e+02   2.8900000e+02
   4.5700000e+02   3.0400000e+02
