   3.2964286e+02   5.5935714e+02
   2.4872857e+02   5.2644286e+02
   1.8701429e+02   4.6472857e+02
   1.7192857e+02   3.9478571e+02
   1.6781429e+02   2.9467143e+02
   1.9112857e+02   1.8221429e+02
   2.6792857e+02   1.1364286e+02
   4.3935714e+02   1.3421429e+02
   4.8187143e+02   2.2061429e+02
   4.9558571e+02   2.9330000e+02
   4.9695714e+02   3.9752857e+02
   4.7501429e+02   4.7707143e+02
   4.1604286e+02   5.3604286e+02
   1.6232857e+02   3.7970000e+02
   1.5410000e+02   3.3032857e+02
   1.3352857e+02   2.7684286e+02
   1.3352857e+02   1.5752857e+02
   2.1718571e+02   4.9185714e+01
   2.8301429e+02   1.6271429e+01
   4.3387143e+02   3.2728571e+01
   5.0930000e+02   1.0952857e+02
   5.3810000e+02   2.2747143e+02
   5.3947143e+02   2.8507143e+02
   5.2301429e+02   3.3992857e+02
   5.1341429e+02   3.9890000e+02
   3.2964286e+02   2.8644286e+02
   3.3101429e+02   3.5912857e+02
   2.8301429e+02   3.6598571e+02
   3.7490000e+02   3.6872857e+02
   3.2827143e+02   4.1810000e+02
   2.5558571e+02   4.2770000e+02
   2.9672857e+02   4.5650000e+02
   3.5570000e+02   4.5924286e+02
   4.0370000e+02   4.3318571e+02
   3.2964286e+02   4.6335714e+02
   2.5695714e+02   2.8507143e+02
   4.0370000e+02   2.8781429e+02
   1.9661429e+02   2.6312857e+02
   2.4461429e+02   2.4118571e+02
   3.0495714e+02   2.5352857e+02
   3.6804286e+02   2.5352857e+02
   4.1741429e+02   2.3981429e+02
   4.6130000e+02   2.6724286e+02
