   3.3275000e+02   5.8925000e+02
   2.8175000e+02   5.8175000e+02
   2.4125000e+02   5.3225000e+02
   2.1275000e+02   4.7225000e+02
   1.9625000e+02   3.7475000e+02
   1.9925000e+02   3.0275000e+02
   2.2175000e+02   2.1575000e+02
   4.0325000e+02   1.8875000e+02
   4.3475000e+02   2.7125000e+02
   4.5575000e+02   3.2975000e+02
   4.6475000e+02   4.3925000e+02
   4.4525000e+02   5.0825000e+02
   3.9725000e+02   5.6375000e+02
   2.0225000e+02   4.5275000e+02
   1.7975000e+02   4.0775000e+02
   1.7075000e+02   3.4925000e+02
   1.5725000e+02   2.6825000e+02
   1.8575000e+02   1.6775000e+02
   2.5775000e+02   8.9750000e+01
   3.5375000e+02   7.9250000e+01
   4.4825000e+02   1.3625000e+02
   4.9325000e+02   2.2025000e+02
   4.9775000e+02   3.1625000e+02
   5.0975000e+02   3.7325000e+02
   4.7825000e+02   4.3025000e+02
   3.1625000e+02   3.5375000e+02
   3.2525000e+02   4.3775000e+02
   2.8625000e+02   4.3025000e+02
   3.6275000e+02   4.2125000e+02
   3.2825000e+02   4.6625000e+02
   2.7275000e+02   4.9325000e+02
   3.1475000e+02   5.0375000e+02
   3.4625000e+02   4.9775000e+02
   3.8825000e+02   4.7975000e+02
   3.2975000e+02   5.0375000e+02
   2.6225000e+02   3.5975000e+02
   3.7625000e+02   3.4625000e+02
   2.0525000e+02   3.5525000e+02
   2.3675000e+02   3.3575000e+02
   2.8325000e+02   3.3575000e+02
   3.4175000e+02   3.2675000e+02
   3.9125000e+02   3.1475000e+02
   4.3325000e+02   3.2825000e+02
