   3.6300000e+02   5.6000000e+02
   2.7700000e+02   5.3100000e+02
   2.3600000e+02   4.8300000e+02
   2.1600000e+02   4.1200000e+02
   2.1000000e+02   3.1900000e+02
   2.2900000e+02   2.4800000e+02
   2.5600000e+02   1.6300000e+02
   4.4500000e+02   1.6800000e+02
   4.8200000e+02   2.4600000e+02
   4.9200000e+02   3.1800000e+02
   4.8400000e+02   4.0900000e+02
   4.6600000e+02   4.7700000e+02
   4.2400000e+02   5.3100000e+02
   2.0000000e+02   4.0700000e+02
   1.7900000e+02   3.4900000e+02
   1.8200000e+02   2.9200000e+02
   1.7600000e+02   2.1400000e+02
   1.9700000e+02   1.4000000e+02
   2.7700000e+02   7.0000000e+01
   4.1300000e+02   7.3000000e+01
   4.9700000e+02   1.6400000e+02
   5.1800000e+02   2.4500000e+02
   5.1000000e+02   3.0300000e+02
   5.0300000e+02   3.6100000e+02
   4.8900000e+02   4.0900000e+02
   3.6500000e+02   3.0900000e+02
   3.6200000e+02   3.9500000e+02
   3.2600000e+02   3.9800000e+02
   3.9700000e+02   3.9800000e+02
   3.6200000e+02   4.4800000e+02
   2.8900000e+02   4.4600000e+02
   3.4000000e+02   4.7300000e+02
   3.8100000e+02   4.7700000e+02
   4.1900000e+02   4.4600000e+02
   3.6300000e+02   4.8100000e+02
   2.9300000e+02   3.1500000e+02
   4.2200000e+02   3.1500000e+02
   2.3900000e+02   3.0600000e+02
   2.8700000e+02   2.7900000e+02
   3.3700000e+02   2.9300000e+02
   3.9300000e+02   2.8900000e+02
   4.3800000e+02   2.7900000e+02
   4.7600000e+02   2.9800000e+02
