   3.1600000e+02   5.1800000e+02
   2.3600000e+02   4.9600000e+02
   2.0400000e+02   4.5600000e+02
   1.7200000e+02   4.0200000e+02
   1.6000000e+02   2.9100000e+02
   1.7200000e+02   2.2400000e+02
   1.9300000e+02   1.3600000e+02
   4.0300000e+02   1.3300000e+02
   4.2300000e+02   2.0100000e+02
   4.4300000e+02   2.8000000e+02
   4.4200000e+02   3.8500000e+02
   4.1200000e+02   4.5400000e+02
   3.8900000e+02   4.9300000e+02
   1.4700000e+02   3.9700000e+02
   1.2200000e+02   3.4200000e+02
   1.2700000e+02   2.8300000e+02
   1.3600000e+02   1.8300000e+02
   1.7000000e+02   1.1200000e+02
   2.4200000e+02   6.1000000e+01
   3.9500000e+02   8.3000000e+01
   4.5600000e+02   1.5100000e+02
   4.7000000e+02   2.3300000e+02
   4.6400000e+02   2.7100000e+02
   4.9100000e+02   3.2200000e+02
   4.6000000e+02   3.8400000e+02
   3.0200000e+02   2.7100000e+02
   3.1100000e+02   3.5000000e+02
   2.7400000e+02   3.5800000e+02
   3.3800000e+02   3.5200000e+02
   3.1000000e+02   4.0100000e+02
   2.6000000e+02   4.2200000e+02
   2.9600000e+02   4.3700000e+02
   3.3300000e+02   4.3300000e+02
   3.6300000e+02   4.1500000e+02
   3.1200000e+02   4.3500000e+02
   2.4400000e+02   2.8100000e+02
   3.6300000e+02   2.7500000e+02
   1.8800000e+02   2.6800000e+02
   2.2800000e+02   2.4200000e+02
   2.7100000e+02   2.4800000e+02
   3.2500000e+02   2.4700000e+02
   3.8300000e+02   2.3200000e+02
   4.0900000e+02   2.4900000e+02
