   3.3700000e+02   5.6100000e+02
   2.9100000e+02   5.5300000e+02
   2.2500000e+02   4.8200000e+02
   2.1100000e+02   4.4400000e+02
   1.8900000e+02   3.5700000e+02
   1.9800000e+02   2.8100000e+02
   2.1600000e+02   2.1000000e+02
   3.9400000e+02   2.0400000e+02
   4.3800000e+02   2.8000000e+02
   4.5400000e+02   3.3700000e+02
   4.4900000e+02   4.2100000e+02
   4.3400000e+02   4.8100000e+02
   3.8900000e+02   5.4100000e+02
   1.9200000e+02   4.2400000e+02
   1.7700000e+02   3.9300000e+02
   1.7100000e+02   3.4500000e+02
   1.6700000e+02   2.5700000e+02
   1.9700000e+02   1.7400000e+02
   2.5200000e+02   1.1200000e+02
   3.8800000e+02   1.3200000e+02
   4.7700000e+02   2.2600000e+02
   4.8800000e+02   2.7800000e+02
   4.8800000e+02   3.2100000e+02
   4.8200000e+02   3.7600000e+02
   4.6600000e+02   4.1400000e+02
   3.1000000e+02   3.2900000e+02
   3.1400000e+02   4.2300000e+02
   2.8300000e+02   4.1800000e+02
   3.5200000e+02   4.0900000e+02
   3.1900000e+02   4.5800000e+02
   2.7500000e+02   4.6600000e+02
   3.0600000e+02   4.8400000e+02
   3.4000000e+02   4.8200000e+02
   3.7600000e+02   4.6000000e+02
   3.2300000e+02   4.8700000e+02
   2.5600000e+02   3.4200000e+02
   3.7700000e+02   3.3400000e+02
   2.1300000e+02   3.4900000e+02
   2.3400000e+02   3.1200000e+02
   2.8300000e+02   3.1800000e+02
   3.4200000e+02   3.1800000e+02
   3.9300000e+02   3.0600000e+02
   4.2300000e+02   3.2800000e+02
