   3.9125000e+02   6.7475000e+02
   3.2225000e+02   6.4925000e+02
   2.7425000e+02   5.9675000e+02
   2.3975000e+02   5.1575000e+02
   2.3375000e+02   4.1225000e+02
   2.5025000e+02   3.0575000e+02
   2.9225000e+02   2.4725000e+02
   4.7975000e+02   2.4875000e+02
   5.3825000e+02   3.0425000e+02
   5.4125000e+02   4.1825000e+02
   5.3225000e+02   5.1125000e+02
   4.9775000e+02   5.9975000e+02
   4.5275000e+02   6.4925000e+02
   2.2325000e+02   4.7825000e+02
   2.2475000e+02   4.5425000e+02
   2.2775000e+02   4.2575000e+02
   2.0075000e+02   3.4625000e+02
   2.0975000e+02   2.3825000e+02
   2.6825000e+02   1.6325000e+02
   5.1875000e+02   1.6025000e+02
   5.7725000e+02   2.6225000e+02
   5.8325000e+02   3.4925000e+02
   5.5325000e+02   4.3625000e+02
   5.5025000e+02   4.6625000e+02
   5.4125000e+02   4.9175000e+02
   3.9575000e+02   4.2275000e+02
   4.0325000e+02   5.2475000e+02
   3.4775000e+02   5.1725000e+02
   4.4375000e+02   5.1425000e+02
   3.9425000e+02   5.6525000e+02
   3.1775000e+02   5.6525000e+02
   3.5225000e+02   6.1025000e+02
   4.1975000e+02   6.1775000e+02
   4.6775000e+02   5.6375000e+02
   3.9575000e+02   6.2375000e+02
   3.2075000e+02   4.1375000e+02
   4.7225000e+02   4.2275000e+02
   2.6525000e+02   3.8225000e+02
   3.1025000e+02   3.6125000e+02
   3.5525000e+02   3.7325000e+02
   4.5875000e+02   3.7475000e+02
   4.9325000e+02   3.7025000e+02
   5.2475000e+02   3.8525000e+02
