   3.6200000e+02   5.5300000e+02
   2.9600000e+02   5.3300000e+02
   2.5300000e+02   4.7000000e+02
   2.3800000e+02   4.1600000e+02
   2.2400000e+02   3.1600000e+02
   2.4200000e+02   2.4200000e+02
   2.7000000e+02   1.9300000e+02
   4.2600000e+02   1.8800000e+02
   4.6500000e+02   2.5100000e+02
   4.7400000e+02   3.0700000e+02
   4.7600000e+02   4.0600000e+02
   4.6700000e+02   4.7700000e+02
   4.3000000e+02   5.2700000e+02
   2.2400000e+02   4.0700000e+02
   2.1000000e+02   3.7000000e+02
   1.9600000e+02   3.2300000e+02
   1.9600000e+02   2.3600000e+02
   2.3700000e+02   1.3200000e+02
   2.8900000e+02   9.8000000e+01
   4.2200000e+02   9.6000000e+01
   5.0900000e+02   1.9700000e+02
   5.1200000e+02   2.6700000e+02
   5.2000000e+02   3.1300000e+02
   5.0600000e+02   3.6400000e+02
   4.9000000e+02   3.9700000e+02
   3.5000000e+02   2.9300000e+02
   3.5300000e+02   3.9400000e+02
   3.1900000e+02   3.8300000e+02
   3.8700000e+02   3.7900000e+02
   3.5300000e+02   4.2800000e+02
   3.0400000e+02   4.4000000e+02
   3.3200000e+02   4.5300000e+02
   3.7800000e+02   4.5100000e+02
   4.0500000e+02   4.3600000e+02
   3.5300000e+02   4.5500000e+02
   2.9400000e+02   3.0300000e+02
   4.0600000e+02   3.0000000e+02
   2.4600000e+02   2.8600000e+02
   2.7400000e+02   2.6600000e+02
   3.2700000e+02   2.7500000e+02
   3.7300000e+02   2.7700000e+02
   4.1200000e+02   2.6400000e+02
   4.4800000e+02   2.7400000e+02
