   3.3615670e+02   5.5758713e+02
   2.8466125e+02   5.4073407e+02
   2.3129324e+02   4.9392003e+02
   2.0039597e+02   4.3399805e+02
   1.9945969e+02   3.5535046e+02
   2.0039597e+02   3.1883550e+02
   2.4721001e+02   2.8793823e+02
   3.8390702e+02   2.8044798e+02
   4.3352991e+02   3.0198244e+02
   4.4476528e+02   3.4879649e+02
   4.4944668e+02   4.1339987e+02
   4.3259363e+02   4.8642978e+02
   3.9420611e+02   5.3511638e+02
   1.7979779e+02   4.3025293e+02
   1.6575358e+02   3.8905657e+02
   1.6856242e+02   3.4130624e+02
   1.3860143e+02   2.8887451e+02
   1.4702796e+02   1.6903056e+02
   2.1818531e+02   8.7574122e+01
   3.8297074e+02   8.9446684e+01
   4.7285371e+02   1.8775618e+02
   4.7940767e+02   2.7576658e+02
   4.7098114e+02   3.1228153e+02
   4.6723602e+02   3.6190442e+02
   4.5974577e+02   3.9935566e+02
   3.2773017e+02   3.3381599e+02
   3.3147529e+02   4.0497334e+02
   2.9121521e+02   4.0871847e+02
   3.6892653e+02   4.0778218e+02
   3.3428414e+02   4.4429714e+02
   2.7529844e+02   4.5085111e+02
   3.1836736e+02   4.7332185e+02
   3.5581860e+02   4.7144928e+02
   3.8858843e+02   4.4710598e+02
   3.3241157e+02   4.7425813e+02
   2.6406307e+02   3.3568856e+02
   3.8109818e+02   3.2538947e+02
   2.1818531e+02   3.2819831e+02
   2.5189142e+02   3.1415410e+02
   2.9870546e+02   3.1696294e+02
   3.5207347e+02   3.1228153e+02
   3.8952471e+02   3.0010988e+02
   4.2603966e+02   3.1134525e+02
