   3.7200000e+02   5.5200000e+02
   3.0700000e+02   5.2100000e+02
   2.6800000e+02   4.7100000e+02
   2.5300000e+02   4.1600000e+02
   2.3900000e+02   3.2000000e+02
   2.4900000e+02   2.5600000e+02
   3.0000000e+02   1.8400000e+02
   4.2100000e+02   1.8100000e+02
   4.7200000e+02   2.2700000e+02
   4.9900000e+02   3.1400000e+02
   4.9600000e+02   4.1600000e+02
   4.7500000e+02   4.8100000e+02
   4.4400000e+02   5.1700000e+02
   2.4100000e+02   4.2000000e+02
   2.2200000e+02   3.7000000e+02
   2.1000000e+02   3.1400000e+02
   2.1200000e+02   2.4900000e+02
   2.4500000e+02   1.6100000e+02
   2.9700000e+02   1.2700000e+02
   4.2600000e+02   1.2200000e+02
   4.8600000e+02   1.5700000e+02
   5.3900000e+02   2.5400000e+02
   5.3700000e+02   3.1500000e+02
   5.2800000e+02   3.7400000e+02
   5.0700000e+02   4.2100000e+02
   3.7200000e+02   3.2600000e+02
   3.7400000e+02   3.9800000e+02
   3.4000000e+02   3.9700000e+02
   4.0800000e+02   3.9700000e+02
   3.7800000e+02   4.4100000e+02
   3.2100000e+02   4.5500000e+02
   3.5500000e+02   4.7200000e+02
   3.9800000e+02   4.6900000e+02
   4.2800000e+02   4.5000000e+02
   3.8000000e+02   4.7900000e+02
   3.1200000e+02   3.2900000e+02
   4.3400000e+02   3.3300000e+02
   2.7300000e+02   3.2000000e+02
   3.0800000e+02   2.9700000e+02
   3.4700000e+02   3.0200000e+02
   4.0400000e+02   3.0500000e+02
   4.4300000e+02   3.0100000e+02
   4.7500000e+02   3.2500000e+02
