   3.3600000e+02   5.3200000e+02
   2.6900000e+02   5.1600000e+02
   2.2600000e+02   4.8100000e+02
   1.9300000e+02   4.0700000e+02
   1.8700000e+02   3.1200000e+02
   2.0100000e+02   2.3700000e+02
   2.3600000e+02   1.6300000e+02
   3.9900000e+02   1.7100000e+02
   4.3100000e+02   2.2900000e+02
   4.5500000e+02   3.0000000e+02
   4.6700000e+02   3.8600000e+02
   4.5300000e+02   4.5200000e+02
   4.0600000e+02   5.0000000e+02
   1.8100000e+02   3.9900000e+02
   1.7600000e+02   3.5900000e+02
   1.7000000e+02   3.1400000e+02
   1.7000000e+02   2.3500000e+02
   2.1000000e+02   1.4800000e+02
   2.7000000e+02   1.0400000e+02
   3.8400000e+02   1.1300000e+02
   4.4000000e+02   1.5600000e+02
   4.6800000e+02   2.2900000e+02
   4.7200000e+02   3.0000000e+02
   4.8600000e+02   3.4900000e+02
   4.7700000e+02   3.9200000e+02
   3.2100000e+02   2.9900000e+02
   3.2700000e+02   3.6300000e+02
   2.9000000e+02   3.6600000e+02
   3.6100000e+02   3.6000000e+02
   3.3100000e+02   4.0600000e+02
   2.8500000e+02   4.2100000e+02
   3.1400000e+02   4.3600000e+02
   3.5200000e+02   4.3500000e+02
   3.7700000e+02   4.1400000e+02
   3.3700000e+02   4.3700000e+02
   2.5700000e+02   2.9600000e+02
   3.8600000e+02   2.8900000e+02
   2.1100000e+02   2.9000000e+02
   2.3700000e+02   2.5900000e+02
   2.8500000e+02   2.6600000e+02
   3.3700000e+02   2.6400000e+02
   3.8200000e+02   2.5200000e+02
   4.2600000e+02   2.6300000e+02
