   3.4300000e+02   5.2900000e+02
   2.7900000e+02   5.1000000e+02
   2.2600000e+02   4.4900000e+02
   2.1000000e+02   4.0000000e+02
   2.0400000e+02   3.2600000e+02
   1.9900000e+02   2.4400000e+02
   2.1000000e+02   1.7800000e+02
   4.1000000e+02   1.5700000e+02
   4.4400000e+02   2.3500000e+02
   4.5300000e+02   2.8400000e+02
   4.6500000e+02   3.7500000e+02
   4.5600000e+02   4.5200000e+02
   4.0400000e+02   5.0700000e+02
   1.9900000e+02   3.9700000e+02
   1.8100000e+02   3.5900000e+02
   1.7800000e+02   3.0400000e+02
   1.4500000e+02   2.0000000e+02
   1.6300000e+02   1.2900000e+02
   2.1500000e+02   8.8000000e+01
   3.7700000e+02   6.8000000e+01
   4.8200000e+02   1.3600000e+02
   4.8800000e+02   2.2700000e+02
   4.7400000e+02   2.6600000e+02
   4.8700000e+02   3.2000000e+02
   4.7400000e+02   3.7000000e+02
   3.3000000e+02   3.1300000e+02
   3.3100000e+02   4.0000000e+02
   2.9500000e+02   3.8600000e+02
   3.6900000e+02   3.8000000e+02
   3.3900000e+02   4.2400000e+02
   2.7700000e+02   4.2900000e+02
   3.1500000e+02   4.5800000e+02
   3.5800000e+02   4.5500000e+02
   3.9800000e+02   4.2600000e+02
   3.3900000e+02   4.6100000e+02
   2.7100000e+02   3.1200000e+02
   3.8900000e+02   3.0300000e+02
   2.2000000e+02   3.2100000e+02
   2.6400000e+02   2.8500000e+02
   3.0500000e+02   2.9100000e+02
   3.5400000e+02   2.8700000e+02
   3.9600000e+02   2.7600000e+02
   4.3600000e+02   2.8400000e+02
