   3.4676316e+02   5.4381579e+02
   2.7381579e+02   5.2865789e+02
   2.2644737e+02   4.8697368e+02
   2.0181579e+02   4.3581579e+02
   1.8665789e+02   3.7707895e+02
   1.8571053e+02   2.9371053e+02
   2.3402632e+02   2.1981579e+02
   4.1118421e+02   2.1602632e+02
   4.4813158e+02   2.8992105e+02
   4.5665789e+02   3.7423684e+02
   4.5381579e+02   4.3581579e+02
   4.3297368e+02   4.8602632e+02
   3.9507895e+02   5.2676316e+02
   1.7907895e+02   4.2444737e+02
   1.5160526e+02   4.0076316e+02
   1.3644737e+02   3.7044737e+02
   1.4213158e+02   2.8044737e+02
   1.7055263e+02   1.9613158e+02
   2.0939474e+02   1.2318421e+02
   3.9223684e+02   1.2602632e+02
   4.3581579e+02   1.7718421e+02
   4.6707895e+02   2.2928947e+02
   4.8034211e+02   2.8518421e+02
   4.8792105e+02   3.4202632e+02
   4.8318421e+02   3.9223684e+02
   3.2497368e+02   3.4297368e+02
   3.3444737e+02   4.1402632e+02
   2.9371053e+02   4.1307895e+02
   3.6950000e+02   4.0265789e+02
   3.3823684e+02   4.5381579e+02
   2.7760526e+02   4.5950000e+02
   3.1455263e+02   4.7750000e+02
   3.6571053e+02   4.7371053e+02
   3.8844737e+02   4.4528947e+02
   3.4771053e+02   4.7844737e+02
   2.6244737e+02   3.4297368e+02
   3.8086842e+02   3.2781579e+02
   2.1200000e+02   3.1800000e+02
   2.5013158e+02   3.1076316e+02
   2.9371053e+02   3.1550000e+02
   3.4392105e+02   3.0886842e+02
   3.8181579e+02   2.8897368e+02
   4.2444737e+02   2.9844737e+02
