   3.5500000e+02   5.1300000e+02
   2.9700000e+02   4.9300000e+02
   2.5800000e+02   4.6300000e+02
   2.4100000e+02   4.0600000e+02
   2.3300000e+02   3.1300000e+02
   2.4100000e+02   2.4900000e+02
   2.8400000e+02   1.8500000e+02
   3.8800000e+02   1.8300000e+02
   4.4100000e+02   2.3100000e+02
   4.5500000e+02   2.8900000e+02
   4.6300000e+02   3.8400000e+02
   4.5800000e+02   4.4000000e+02
   4.2600000e+02   4.8800000e+02
   2.2900000e+02   3.9700000e+02
   2.1000000e+02   3.6400000e+02
   2.0400000e+02   3.0700000e+02
   2.1200000e+02   2.1100000e+02
   2.5700000e+02   1.4200000e+02
   3.0900000e+02   1.1800000e+02
   3.8700000e+02   1.2300000e+02
   4.5500000e+02   1.8000000e+02
   4.8000000e+02   2.4600000e+02
   4.7700000e+02   2.9600000e+02
   4.9200000e+02   3.5600000e+02
   4.6900000e+02   3.9100000e+02
   3.4700000e+02   3.0400000e+02
   3.4900000e+02   3.6900000e+02
   3.1700000e+02   3.7400000e+02
   3.8100000e+02   3.7500000e+02
   3.4900000e+02   4.1500000e+02
   2.9700000e+02   4.2500000e+02
   3.3600000e+02   4.4200000e+02
   3.6300000e+02   4.4000000e+02
   4.0100000e+02   4.2300000e+02
   3.5200000e+02   4.4000000e+02
   2.9100000e+02   3.0800000e+02
   4.0200000e+02   3.0100000e+02
   2.4700000e+02   2.9300000e+02
   2.8000000e+02   2.7800000e+02
   3.2100000e+02   2.8100000e+02
   3.6100000e+02   2.7900000e+02
   4.0500000e+02   2.7000000e+02
   4.4200000e+02   2.8400000e+02
