   3.4300000e+02   5.8800000e+02
   2.8400000e+02   5.6100000e+02
   2.4400000e+02   5.0200000e+02
   2.2000000e+02   4.2400000e+02
   2.2300000e+02   3.3200000e+02
   2.3000000e+02   2.6300000e+02
   2.8400000e+02   1.5900000e+02
   4.2100000e+02   1.6700000e+02
   4.5500000e+02   2.6400000e+02
   4.7100000e+02   3.3200000e+02
   4.7600000e+02   4.2400000e+02
   4.5200000e+02   5.1300000e+02
   4.0700000e+02   5.6300000e+02
   2.0500000e+02   4.1200000e+02
   2.1200000e+02   3.7100000e+02
   2.0700000e+02   3.2900000e+02
   1.9600000e+02   2.3300000e+02
   2.4900000e+02   1.4400000e+02
   3.0900000e+02   1.1000000e+02
   4.1500000e+02   1.1600000e+02
   4.9900000e+02   2.2800000e+02
   5.0900000e+02   2.8800000e+02
   5.0800000e+02   3.4400000e+02
   5.0000000e+02   3.7900000e+02
   4.9600000e+02   4.1400000e+02
   3.4200000e+02   3.2900000e+02
   3.4100000e+02   3.9700000e+02
   3.1100000e+02   3.9500000e+02
   3.7500000e+02   3.9400000e+02
   3.4400000e+02   4.4500000e+02
   2.9300000e+02   4.6300000e+02
   3.2500000e+02   4.7700000e+02
   3.6600000e+02   4.7300000e+02
   3.9500000e+02   4.6000000e+02
   3.4500000e+02   4.7800000e+02
   2.9000000e+02   3.3000000e+02
   4.0100000e+02   3.2700000e+02
   2.3900000e+02   3.2600000e+02
   2.8100000e+02   2.9500000e+02
   3.1400000e+02   3.0500000e+02
   3.7300000e+02   2.9900000e+02
   4.1300000e+02   2.9500000e+02
   4.4400000e+02   3.1200000e+02
