3.613750e+02 5.001250e+02
3.070000e+02 4.832500e+02
2.620000e+02 4.326250e+02
2.470000e+02 3.857500e+02
2.526250e+02 2.901250e+02
2.601250e+02 2.076250e+02
2.957500e+02 1.570000e+02
4.326250e+02 1.588750e+02
4.720000e+02 2.320000e+02
4.832500e+02 3.051250e+02
4.813750e+02 3.932500e+02
4.663750e+02 4.551250e+02
4.195000e+02 4.888750e+02
2.470000e+02 3.801250e+02
2.357500e+02 3.445000e+02
2.320000e+02 3.070000e+02
2.226250e+02 2.188750e+02
2.545000e+02 1.420000e+02
3.088750e+02 8.575000e+01
4.213750e+02 8.762500e+01
5.095000e+02 1.701250e+02
5.301250e+02 2.320000e+02
5.226250e+02 3.070000e+02
5.170000e+02 3.501250e+02
4.945000e+02 3.988750e+02
3.613750e+02 2.676250e+02
3.632500e+02 3.332500e+02
3.332500e+02 3.351250e+02
3.951250e+02 3.313750e+02
3.670000e+02 3.763750e+02
3.163750e+02 3.913750e+02
3.463750e+02 4.063750e+02
3.820000e+02 4.082500e+02
4.157500e+02 3.913750e+02
3.632500e+02 4.082500e+02
3.107500e+02 2.807500e+02
4.176250e+02 2.807500e+02
2.807500e+02 2.807500e+02
3.051250e+02 2.451250e+02
3.351250e+02 2.526250e+02
3.838750e+02 2.507500e+02
4.213750e+02 2.507500e+02
4.588750e+02 2.732500e+02
