   3.8675000e+02   5.3225000e+02
   3.2675000e+02   5.3525000e+02
   2.7275000e+02   4.9025000e+02
   2.5175000e+02   4.3025000e+02
   2.4575000e+02   3.1925000e+02
   2.6525000e+02   2.5025000e+02
   3.0725000e+02   1.7225000e+02
   4.3475000e+02   1.6925000e+02
   4.8725000e+02   2.4725000e+02
   5.1125000e+02   3.1925000e+02
   5.1125000e+02   4.3025000e+02
   4.9775000e+02   4.9025000e+02
   4.5575000e+02   5.2625000e+02
   2.3225000e+02   4.1675000e+02
   2.2175000e+02   3.7025000e+02
   2.2175000e+02   3.2525000e+02
   2.1125000e+02   2.3075000e+02
   2.4575000e+02   1.2125000e+02
   3.2375000e+02   7.7750000e+01
   4.4225000e+02   8.3750000e+01
   5.3825000e+02   1.9925000e+02
   5.3825000e+02   2.7725000e+02
   5.3375000e+02   3.1925000e+02
   5.3525000e+02   3.5375000e+02
   5.2625000e+02   4.0325000e+02
   3.7925000e+02   3.1475000e+02
   3.7925000e+02   3.7775000e+02
   3.4325000e+02   3.8525000e+02
   4.1525000e+02   3.8375000e+02
   3.8375000e+02   4.2425000e+02
   3.2675000e+02   4.3775000e+02
   3.6425000e+02   4.6025000e+02
   4.0175000e+02   4.5875000e+02
   4.4075000e+02   4.2875000e+02
   3.8525000e+02   4.6025000e+02
   3.1775000e+02   3.1175000e+02
   4.4075000e+02   3.0575000e+02
   2.7275000e+02   3.0125000e+02
   3.0575000e+02   2.8025000e+02
   3.5975000e+02   2.9075000e+02
   4.0925000e+02   2.8475000e+02
   4.5275000e+02   2.7125000e+02
   4.8425000e+02   2.8475000e+02
