   3.6619343e+02   4.9320073e+02
   3.2765328e+02   4.8268978e+02
   2.8473358e+02   4.4852920e+02
   2.7071898e+02   3.7582847e+02
   2.7509854e+02   3.1889416e+02
   2.8473358e+02   2.7597445e+02
   3.0663139e+02   2.3042701e+02
   4.3539051e+02   2.2779927e+02
   4.5728832e+02   2.8298175e+02
   4.6604745e+02   3.1801825e+02
   4.6867518e+02   3.7933212e+02
   4.5728832e+02   4.4327372e+02
   4.1524453e+02   4.8006204e+02
   2.6195985e+02   3.6706934e+02
   2.6108394e+02   3.3553650e+02
   2.6108394e+02   2.9787226e+02
   2.6458759e+02   2.4969708e+02
   2.8298175e+02   1.9977007e+02
   3.2765328e+02   1.6035401e+02
   4.0385766e+02   1.6122993e+02
   4.7568248e+02   2.4268978e+02
   4.8093796e+02   2.8298175e+02
   4.8006204e+02   3.0487956e+02
   4.8093796e+02   3.4079197e+02
   4.7743431e+02   3.7232482e+02
   3.6531752e+02   3.2677737e+02
   3.6531752e+02   3.7758029e+02
   3.4079197e+02   3.7495255e+02
   3.9247080e+02   3.7495255e+02
   3.6619343e+02   4.0473358e+02
   3.2852920e+02   4.0648540e+02
   3.5130292e+02   4.2312774e+02
   3.7845620e+02   4.2400365e+02
   4.0473358e+02   4.0736131e+02
   3.6794526e+02   4.2575547e+02
   3.2765328e+02   3.2502555e+02
   4.0911314e+02   3.2765328e+02
   2.9174088e+02   3.1188686e+02
   3.1539051e+02   3.0312774e+02
   3.4604745e+02   3.0925912e+02
   3.8546350e+02   3.1188686e+02
   4.1349270e+02   3.0400365e+02
   4.4239781e+02   3.1539051e+02
