   3.7100000e+02   6.2900000e+02
   2.9996429e+02   6.0532143e+02
   2.4746429e+02   5.4103571e+02
   2.2817857e+02   4.6603571e+02
   2.1960714e+02   3.8032143e+02
   2.2496429e+02   2.8067857e+02
   2.6889286e+02   2.0782143e+02
   4.5853571e+02   2.0460714e+02
   5.0353571e+02   2.8067857e+02
   5.0567857e+02   3.7925000e+02
   4.9817857e+02   4.6496429e+02
   4.8210714e+02   5.3996429e+02
   4.3603571e+02   6.0425000e+02
   2.1210714e+02   4.5746429e+02
   2.0353571e+02   4.1032143e+02
   2.0460714e+02   3.5782143e+02
   1.8425000e+02   2.6675000e+02
   2.2496429e+02   1.6067857e+02
   2.8925000e+02   9.6392857e+01
   4.3817857e+02   1.1139286e+02
   5.3032143e+02   2.3353571e+02
   5.2603571e+02   3.1603571e+02
   5.1853571e+02   3.5996429e+02
   5.1853571e+02   4.1032143e+02
   5.1317857e+02   4.5960714e+02
   3.6210714e+02   3.5782143e+02
   3.6210714e+02   4.5425000e+02
   3.1925000e+02   4.5425000e+02
   4.0817857e+02   4.5532143e+02
   3.6317857e+02   5.0353571e+02
   2.9996429e+02   5.1103571e+02
   3.3960714e+02   5.3353571e+02
   3.9103571e+02   5.3567857e+02
   4.2746429e+02   5.0996429e+02
   3.6317857e+02   5.3889286e+02
   2.9032143e+02   3.6103571e+02
   4.3175000e+02   3.5889286e+02
   2.3139286e+02   3.4175000e+02
   2.7853571e+02   3.1603571e+02
   3.3317857e+02   3.3425000e+02
   3.8782143e+02   3.3425000e+02
   4.4889286e+02   3.1496429e+02
   4.9389286e+02   3.4603571e+02
