   3.4683929e+02   6.6183929e+02
   2.5683929e+02   6.2808929e+02
   1.8933929e+02   5.1880357e+02
   1.6362500e+02   4.3201786e+02
   1.6362500e+02   3.0666071e+02
   2.1666071e+02   1.8933929e+02
   2.9058929e+02   1.3630357e+02
   4.8344643e+02   1.4433929e+02
   5.5737500e+02   2.2951786e+02
   5.8308929e+02   3.4523214e+02
   5.6862500e+02   4.4648214e+02
   5.3005357e+02   5.2362500e+02
   4.6094643e+02   6.2648214e+02
   1.3308929e+02   3.9344643e+02
   1.2666071e+02   3.2273214e+02
   1.2987500e+02   2.6166071e+02
   1.5237500e+02   1.4273214e+02
   2.1183929e+02   6.7196429e+01
   2.8416071e+02   2.3803571e+01
   4.7541071e+02   3.5053571e+01
   5.9433929e+02   1.5237500e+02
   6.2005357e+02   2.5362500e+02
   6.1201786e+02   3.4201786e+02
   6.0076786e+02   3.9987500e+02
   5.8148214e+02   4.5130357e+02
   3.8058929e+02   3.3076786e+02
   3.7416071e+02   4.6255357e+02
   3.2112500e+02   4.4648214e+02
   4.1433929e+02   4.5612500e+02
   3.6291071e+02   5.1719643e+02
   2.8094643e+02   5.2362500e+02
   3.2755357e+02   5.5094643e+02
   3.7576786e+02   5.5576786e+02
   4.3362500e+02   5.4451786e+02
   3.5326786e+02   5.6380357e+02
   2.8094643e+02   3.3076786e+02
   4.6416071e+02   3.5326786e+02
   2.1183929e+02   2.8898214e+02
   2.7451786e+02   2.6808929e+02
   3.5487500e+02   2.9862500e+02
   4.0791071e+02   3.0666071e+02
   4.9469643e+02   2.9219643e+02
   5.3969643e+02   3.2433929e+02
