   3.7925000e+02   6.2675000e+02
   3.0725000e+02   5.9525000e+02
   2.4275000e+02   5.3675000e+02
   2.1125000e+02   4.9175000e+02
   2.1425000e+02   3.6275000e+02
   2.2175000e+02   2.6225000e+02
   2.8325000e+02   1.7825000e+02
   4.9475000e+02   1.7975000e+02
   5.4275000e+02   2.6375000e+02
   5.4575000e+02   3.6275000e+02
   5.4725000e+02   4.8125000e+02
   5.0825000e+02   5.3675000e+02
   4.4825000e+02   5.9525000e+02
   1.9625000e+02   4.6925000e+02
   1.9175000e+02   4.1375000e+02
   1.8875000e+02   3.7475000e+02
   1.7525000e+02   2.5775000e+02
   2.2775000e+02   1.2425000e+02
   3.0425000e+02   6.8750000e+01
   4.8425000e+02   6.7250000e+01
   5.9525000e+02   2.0975000e+02
   5.9675000e+02   3.0275000e+02
   5.6375000e+02   3.6725000e+02
   5.6525000e+02   3.9275000e+02
   5.6375000e+02   4.5125000e+02
   3.8075000e+02   3.3575000e+02
   3.8225000e+02   4.2725000e+02
   3.3725000e+02   4.2725000e+02
   4.2125000e+02   4.2875000e+02
   3.8075000e+02   4.8725000e+02
   3.0575000e+02   4.9925000e+02
   3.5375000e+02   5.2475000e+02
   4.0325000e+02   5.2475000e+02
   4.5125000e+02   4.9175000e+02
   3.7775000e+02   5.2325000e+02
   3.0275000e+02   3.4925000e+02
   4.6025000e+02   3.4625000e+02
   2.3975000e+02   3.3425000e+02
   2.7725000e+02   3.0275000e+02
   3.4175000e+02   3.2225000e+02
   4.2425000e+02   3.1625000e+02
   4.8575000e+02   2.9825000e+02
   5.2325000e+02   3.1625000e+02
