   3.5763961e+02   5.4111294e+02
   3.1514245e+02   5.2558513e+02
   2.4567594e+02   4.5693587e+02
   2.0481328e+02   3.6540352e+02
   2.1053405e+02   3.0002327e+02
   2.2769637e+02   1.6354200e+02
   2.8000057e+02   9.8161748e+01
   4.4508570e+02   1.1123780e+02
   4.9575539e+02   1.7171453e+02
   5.1291771e+02   2.9593700e+02
   5.1455221e+02   3.6867253e+02
   4.9575539e+02   4.5366686e+02
   4.1566459e+02   5.2313337e+02
   1.9500624e+02   3.5968275e+02
   1.9700000e+02   3.3900000e+02
   1.9500000e+02   3.0100000e+02
   1.8519921e+02   2.1584620e+02
   2.2600000e+02   1.0700000e+02
   3.0778717e+02   4.9943814e+01
   4.3200965e+02   6.1385358e+01
   5.2027299e+02   1.5536947e+02
   5.3661805e+02   1.9786663e+02
   5.3498354e+02   2.8694722e+02
   5.2844552e+02   3.2780988e+02
   5.2354200e+02   3.7521056e+02
   3.5700000e+02   2.5700000e+02
   3.5800000e+02   3.5900000e+02
   3.2249773e+02   3.6131725e+02
   4.0013678e+02   3.4578944e+02
   3.6254313e+02   3.9727639e+02
   3.1432520e+02   4.3078377e+02
   3.4864983e+02   4.5121510e+02
   3.7807094e+02   4.4876334e+02
   4.0749205e+02   4.1934222e+02
   3.6417764e+02   4.5039784e+02
   2.9400000e+02   2.6000000e+02
   4.2792338e+02   2.5507435e+02
   2.3423439e+02   2.5589160e+02
   2.6774177e+02   2.2074972e+02
   3.1677696e+02   2.1911521e+02
   3.8706073e+02   2.1911521e+02
   4.4917196e+02   2.1257719e+02
   4.8676561e+02   2.3137401e+02
