   3.8651770e+02   5.2244690e+02
   3.3129646e+02   5.0970354e+02
   2.8563274e+02   4.6297788e+02
   2.6545575e+02   4.2050000e+02
   2.6120796e+02   3.3342035e+02
   2.8350885e+02   2.5058850e+02
   3.1855310e+02   1.9749115e+02
   4.4067699e+02   1.9111947e+02
   4.8209292e+02   2.5058850e+02
   5.0226991e+02   2.9519027e+02
   4.9589823e+02   4.1306637e+02
   4.7465929e+02   4.6616372e+02
   4.4598673e+02   5.1076549e+02
   2.5589823e+02   4.1837611e+02
   2.3784513e+02   3.8545575e+02
   2.3359735e+02   3.5359735e+02
   2.1660619e+02   2.2616372e+02
   2.5377434e+02   1.4120796e+02
   3.1749115e+02   8.2800885e+01
   4.5979204e+02   8.3862832e+01
   5.2988053e+02   1.8687168e+02
   5.3943805e+02   2.7395133e+02
   5.2669469e+02   3.2280088e+02
   5.2138496e+02   3.7908407e+02
   5.0226991e+02   4.1412832e+02
   3.8333186e+02   2.9731416e+02
   3.8864159e+02   3.8226991e+02
   3.5359735e+02   3.6740265e+02
   4.1837611e+02   3.6527876e+02
   3.8757965e+02   4.1306637e+02
   3.2704867e+02   4.2368584e+02
   3.6634071e+02   4.6297788e+02
   4.0881858e+02   4.6191593e+02
   4.4704867e+02   4.2156195e+02
   3.8864159e+02   4.6403982e+02
   3.3235841e+02   3.0687168e+02
   4.3749115e+02   3.0368584e+02
   2.7926106e+02   2.9731416e+02
   3.2704867e+02   2.6545575e+02
   3.7165044e+02   2.7926106e+02
   3.9607522e+02   2.7607522e+02
   4.4067699e+02   2.6333186e+02
   4.8209292e+02   2.8457080e+02
