   3.3100000e+02   5.5900000e+02
   2.8200000e+02   5.1400000e+02
   2.5200000e+02   4.2200000e+02
   2.0600000e+02   3.3800000e+02
   2.2000000e+02   2.6000000e+02
   2.3200000e+02   1.9600000e+02
   2.5600000e+02   1.5900000e+02
   4.1700000e+02   1.5200000e+02
   4.4300000e+02   2.1300000e+02
   4.3900000e+02   2.7500000e+02
   4.3300000e+02   3.4600000e+02
   4.1400000e+02   4.2800000e+02
   3.7800000e+02   5.1500000e+02
   1.5000000e+02   3.3900000e+02
   1.2500000e+02   2.4600000e+02
   1.4500000e+02   1.7300000e+02
   1.8200000e+02   1.4200000e+02
   2.3000000e+02   1.0600000e+02
   2.6900000e+02   9.5000000e+01
   3.8400000e+02   9.6000000e+01
   4.8000000e+02   1.2600000e+02
   5.2200000e+02   1.9000000e+02
   5.1700000e+02   2.6800000e+02
   5.0900000e+02   2.8600000e+02
   4.9500000e+02   3.0000000e+02
   3.2700000e+02   2.5500000e+02
   3.3200000e+02   3.6500000e+02
   3.0100000e+02   3.5900000e+02
   3.6600000e+02   3.5600000e+02
   3.3300000e+02   4.3200000e+02
   2.8100000e+02   4.5300000e+02
   3.0200000e+02   4.8900000e+02
   3.6400000e+02   4.9300000e+02
   3.8800000e+02   4.5000000e+02
   3.3100000e+02   5.2500000e+02
   2.7300000e+02   2.5900000e+02
   3.9300000e+02   2.5900000e+02
   2.5200000e+02   2.6400000e+02
   2.6900000e+02   2.3900000e+02
   2.9700000e+02   2.5100000e+02
   3.7100000e+02   2.4600000e+02
   3.9700000e+02   2.3600000e+02
   4.1700000e+02   2.5800000e+02
