   5.9900000e+02   5.3200000e+02
   5.6600000e+02   5.4900000e+02
   4.3600000e+02   5.4900000e+02
   2.8400000e+02   5.4200000e+02
   2.3300000e+02   5.4300000e+02
   1.8300000e+02   5.3200000e+02
   1.7800000e+02   4.3300000e+02
   1.9500000e+02   4.0800000e+02
   2.1500000e+02   3.5000000e+02
   2.6800000e+02   3.3200000e+02
   3.3200000e+02   3.2300000e+02
   3.8900000e+02   3.1200000e+02
   4.5800000e+02   2.5900000e+02
   5.2700000e+02   2.1700000e+02
   5.9000000e+02   1.9800000e+02
   6.9000000e+02   1.8600000e+02
   7.5200000e+02   1.8700000e+02
   9.7000000e+02   2.0100000e+02
   1.0190000e+03   2.3000000e+02
   1.0490000e+03   2.8900000e+02
   1.0860000e+03   3.3300000e+02
   1.0880000e+03   3.7900000e+02
   1.0980000e+03   4.5600000e+02
   1.0910000e+03   4.9100000e+02
   1.0710000e+03   5.0600000e+02
   1.0410000e+03   5.8400000e+02
   9.9900000e+02   5.1000000e+02
   1.0370000e+03   4.4000000e+02
   1.0770000e+03   4.7800000e+02
   1.0380000e+03   4.0400000e+02
   9.9100000e+02   4.3900000e+02
   9.8200000e+02   5.1000000e+02
   9.5300000e+02   5.2000000e+02
   8.6900000e+02   5.2800000e+02
   7.6300000e+02   5.3600000e+02
   7.3900000e+02   5.2900000e+02
   6.7700000e+02   6.1800000e+02
   6.0500000e+02   5.2400000e+02
   6.6700000e+02   4.3300000e+02
   6.0300000e+02   5.1000000e+02
   6.6700000e+02   4.0000000e+02
   7.4800000e+02   4.8100000e+02
   7.4800000e+02   5.3900000e+02
   7.4800000e+02   5.3800000e+02
