   4.7500000e+02   4.5900000e+02
   4.2400000e+02   4.7300000e+02
   3.1100000e+02   4.7000000e+02
   1.9100000e+02   4.6600000e+02
   1.1700000e+02   4.6600000e+02
   7.9000000e+01   4.5500000e+02
   6.2000000e+01   4.2200000e+02
   7.9000000e+01   3.3800000e+02
   9.1000000e+01   2.9300000e+02
   1.2700000e+02   2.6800000e+02
   1.9200000e+02   2.5200000e+02
   2.7500000e+02   2.3700000e+02
   3.5600000e+02   1.8900000e+02
   4.3300000e+02   1.4100000e+02
   5.0600000e+02   1.1100000e+02
   6.1700000e+02   1.0600000e+02
   6.7100000e+02   1.0700000e+02
   9.2100000e+02   1.1000000e+02
   9.7800000e+02   1.5100000e+02
   1.0170000e+03   2.0400000e+02
   1.0560000e+03   2.4700000e+02
   1.0620000e+03   3.0000000e+02
   1.0760000e+03   3.8800000e+02
   1.0720000e+03   4.0900000e+02
   1.0300000e+03   4.2900000e+02
   1.0200000e+03   4.4600000e+02
   9.8000000e+02   5.1400000e+02
   9.2600000e+02   4.4300000e+02
   9.7500000e+02   3.5300000e+02
   9.2400000e+02   4.1500000e+02
   9.4600000e+02   3.3500000e+02
   9.9600000e+02   3.2000000e+02
   1.0290000e+03   3.8600000e+02
   9.0600000e+02   4.4900000e+02
   8.6100000e+02   4.5100000e+02
   7.6400000e+02   4.5300000e+02
   6.5300000e+02   4.5200000e+02
   6.2500000e+02   4.5400000e+02
   5.3800000e+02   5.3300000e+02
   4.6300000e+02   4.3500000e+02
   5.2200000e+02   3.4700000e+02
   6.1100000e+02   4.0100000e+02
   5.3700000e+02   3.1600000e+02
   4.7700000e+02   4.1800000e+02
